player_info age: 1 fitness_level: 1
3 6 13:10:10.937 99
3 6 13:10:11.675 99
3 6 13:10:11.921 98
3 6 13:10:12.167 98
3 6 13:10:12.414 98
3 6 13:10:12.660 98
3 6 13:10:12.906 98
3 6 13:10:13.152 98
3 6 13:10:14.384 97
3 6 13:10:15.123 97
3 6 13:10:15.369 97
3 6 13:10:15.862 97
3 6 13:10:18.078 97
3 6 13:10:18.817 97
3 6 13:10:21.033 98
3 6 13:10:22.265 99
3 6 13:10:22.511 99
3 6 13:10:23.004 100
3 6 13:10:23.496 99
3 6 13:10:23.742 99
3 6 13:10:23.989 99
3 6 13:10:24.235 99
3 6 13:10:24.481 99
3 6 13:10:24.974 99
3 6 13:10:25.713 99
3 6 13:10:26.698 99
3 6 13:10:26.944 99
3 6 13:10:27.683 99
3 6 13:10:27.929 99
3 6 13:10:28.176 99
3 6 13:10:28.422 99
3 6 13:10:28.668 99
3 6 13:10:29.654 99
3 6 13:10:29.900 99
3 6 13:10:30.392 100
3 6 13:10:31.131 100
3 6 13:10:31.377 100
3 6 13:10:31.870 100
3 6 13:10:32.362 100
3 6 13:10:32.608 99
3 6 13:10:33.840 98
3 6 13:10:34.087 98
3 6 13:10:34.332 97
3 6 13:10:34.579 97
3 6 13:10:34.825 97
3 6 13:10:35.071 97
3 6 13:10:35.564 96
3 6 13:10:35.810 96
3 6 13:10:36.056 96
3 6 13:10:52.558 95
3 6 13:10:54.527 97
3 6 13:10:56.251 97
3 6 13:10:56.498 97
3 6 13:10:56.744 97
3 6 13:10:56.990 97
3 6 13:10:57.237 98
3 6 13:10:57.729 98
3 6 13:10:57.975 99
3 6 13:10:58.222 99
3 6 13:10:58.468 100
3 6 13:11:08.566 100
3 6 13:11:08.812 100
3 6 13:11:09.058 100
3 6 13:11:09.797 100
3 6 13:11:10.535 100
3 6 13:11:11.028 100
3 6 13:11:11.274 100
3 6 13:11:15.461 99
3 6 13:11:15.954 99
3 6 13:11:16.693 99
3 6 13:11:16.939 99
3 6 13:11:17.185 98
3 6 13:11:17.431 98
3 6 13:11:17.924 98

3 6 13:11:29.347 start
3 6 13:11:41.320 100
3 6 13:11:41.567 100
3 6 13:11:42.798 100
3 6 13:11:43.044 100
3 6 13:11:43.291 100
3 6 13:11:44.276 100
3 6 13:11:45.261 101
3 6 13:11:55.359 103
3 6 13:11:55.605 103
3 6 13:11:56.097 103
3 6 13:11:57.082 102
3 6 13:11:57.329 102
3 6 13:11:58.314 102
3 6 13:12:00.530 103
3 6 13:12:01.269 103
3 6 13:12:01.516 103
3 6 13:12:02.254 103
3 6 13:12:05.949 102
3 6 13:12:06.195 102
3 6 13:12:06.441 102
3 6 13:12:06.687 102
3 6 13:12:06.934 102
3 6 13:12:07.426 102
3 6 13:12:07.673 101
3 6 13:12:08.165 101
3 6 13:12:08.411 101
3 6 13:12:08.658 101
3 6 13:12:09.643 101
3 6 13:12:10.135 101
3 6 13:12:10.381 101
3 6 13:12:10.628 100
3 6 13:12:11.120 100
3 6 13:12:11.367 100
3 6 13:12:11.613 100
3 6 13:12:12.106 100
3 6 13:12:12.352 100
3 6 13:12:12.598 100
3 6 13:12:13.091 100
3 6 13:12:13.337 100
3 6 13:12:13.583 100
3 6 13:12:13.829 100
3 6 13:12:14.076 100
3 6 13:12:14.322 100
3 6 13:12:14.569 100
3 6 13:12:15.800 100
3 6 13:12:16.046 100
3 6 13:12:16.293 100
3 6 13:12:16.539 100
3 6 13:12:16.785 100
3 6 13:12:18.509 103
3 6 13:12:19.248 103
3 6 13:12:19.740 103
3 6 13:12:19.987 103
3 6 13:12:21.710 101
3 6 13:12:21.957 101
3 6 13:12:22.203 101
3 6 13:12:22.942 101
3 6 13:12:23.188 101
3 6 13:12:23.927 101
3 6 13:12:24.173 101
3 6 13:12:24.419 101
3 6 13:12:24.666 102
3 6 13:12:26.882 102
3 6 13:12:27.867 102
3 6 13:12:28.853 102
3 6 13:12:29.099 102
3 6 13:12:29.345 102
3 6 13:12:30.330 102
3 6 13:12:30.576 102
3 6 13:12:31.808 102
3 6 13:12:32.054 103
3 6 13:12:32.300 103
3 6 13:12:32.547 103
3 6 13:12:32.793 103
3 6 13:12:33.039 103
3 6 13:12:33.286 103
3 6 13:12:33.778 103
3 6 13:12:34.271 103
3 6 13:12:34.763 103
3 6 13:12:35.502 103
3 6 13:12:36.487 103
3 6 13:12:36.980 103
3 6 13:12:37.226 104
3 6 13:12:37.472 104
3 6 13:12:38.704 104
3 6 13:12:39.935 105
3 6 13:12:40.428 106
3 6 13:12:40.674 107
3 6 13:12:41.167 108
3 6 13:12:41.659 108
3 6 13:12:41.905 109
3 6 13:12:42.398 109
3 6 13:12:42.644 109
3 6 13:12:44.122 110
3 6 13:12:44.368 110
3 6 13:12:44.614 110
3 6 13:12:44.861 110
3 6 13:12:45.107 110
3 6 13:12:47.078 110
3 6 13:12:47.323 110
3 6 13:12:47.570 110
3 6 13:12:47.816 110
3 6 13:12:48.062 110
3 6 13:12:48.309 110
3 6 13:12:48.555 110
3 6 13:12:48.801 110
3 6 13:12:49.048 110
3 6 13:12:49.786 110
3 6 13:12:50.033 110
3 6 13:12:50.771 110
3 6 13:12:51.018 110
3 6 13:12:51.265 110
3 6 13:12:51.510 110
3 6 13:12:51.757 110
3 6 13:12:52.003 110
3 6 13:12:52.249 110
3 6 13:12:52.742 110
3 6 13:12:53.480 109
3 6 13:12:54.219 109
3 6 13:12:55.205 108
3 6 13:12:56.190 108
3 6 13:12:56.436 108
3 6 13:12:56.682 108
3 6 13:12:56.928 108
3 6 13:12:57.421 107
3 6 13:12:57.667 107
3 6 13:12:57.914 107
3 6 13:12:58.160 107
3 6 13:12:58.652 108
3 6 13:12:58.899 108
3 6 13:12:59.145 108
3 6 13:12:59.638 109
3 6 13:12:59.884 109
3 6 13:13:00.130 109
3 6 13:13:00.376 109
3 6 13:13:00.623 109
3 6 13:13:00.869 109
3 6 13:13:02.593 109
3 6 13:13:02.839 109
3 6 13:13:03.086 109
3 6 13:13:03.578 109
3 6 13:13:04.071 109
3 6 13:13:04.317 109
3 6 13:13:04.809 109
3 6 13:13:05.056 109
3 6 13:13:05.548 109
3 6 13:13:05.795 109
3 6 13:13:06.533 109
3 6 13:13:07.026 109
3 6 13:13:07.272 109
3 6 13:13:07.765 108
3 6 13:13:08.011 108
3 6 13:13:08.503 109
3 6 13:13:08.996 109
3 6 13:13:09.242 109
3 6 13:13:09.735 109
3 6 13:13:10.720 109
3 6 13:13:11.705 108
3 6 13:13:11.952 108
3 6 13:13:12.444 107
3 6 13:13:12.691 107
3 6 13:13:12.937 107
3 6 13:13:13.183 107
3 6 13:13:13.429 107
3 6 13:13:13.922 107
3 6 13:13:14.168 107
3 6 13:13:14.414 107
3 6 13:13:14.661 107
3 6 13:13:15.153 106
3 6 13:13:15.400 106
3 6 13:13:15.646 106
3 6 13:13:16.138 106
3 6 13:13:16.877 106
3 6 13:13:17.123 106
3 6 13:13:17.616 106
3 6 13:13:18.601 106
3 6 13:13:19.586 106
3 6 13:13:19.832 106
3 6 13:13:20.079 106
3 6 13:13:20.325 106
3 6 13:13:20.571 105
3 6 13:13:20.818 105
3 6 13:13:21.064 105
3 6 13:13:21.310 105
3 6 13:13:21.556 105
3 6 13:13:21.803 105
3 6 13:13:22.049 107
3 6 13:13:22.295 107
3 6 13:13:22.788 107
3 6 13:13:23.034 107
3 6 13:13:23.280 107
3 6 13:13:23.773 107
3 6 13:13:24.265 107
3 6 13:13:24.512 107
3 6 13:13:24.758 107
3 6 13:13:25.990 107
3 6 13:13:27.467 107
3 6 13:13:28.452 107
3 6 13:13:28.945 107
3 6 13:13:30.423 107
3 6 13:13:30.669 107
3 6 13:13:30.916 107
3 6 13:13:31.162 107
3 6 13:13:31.900 107
3 6 13:13:32.146 107
3 6 13:13:32.393 107
3 6 13:13:32.639 107
3 6 13:13:33.131 107
3 6 13:13:33.378 107
3 6 13:13:33.870 107
3 6 13:13:34.117 107
3 6 13:13:34.363 107
3 6 13:13:34.856 107
3 6 13:13:35.595 108
3 6 13:13:35.840 108
3 6 13:13:36.333 108
3 6 13:13:36.580 108
3 6 13:13:36.826 108
3 6 13:13:37.811 108
3 6 13:13:38.550 108
3 6 13:13:39.042 107
3 6 13:13:39.289 107
3 6 13:13:39.781 107
3 6 13:13:40.274 107
3 6 13:13:41.013 107
3 6 13:13:41.505 107
3 6 13:13:42.491 107
3 6 13:13:42.736 107
3 6 13:13:44.460 106
3 6 13:13:44.707 106
3 6 13:13:44.953 106
3 6 13:13:45.199 105
3 6 13:13:45.446 105
3 6 13:13:45.692 105
3 6 13:13:45.938 105
3 6 13:13:46.184 105
3 6 13:13:48.401 106
3 6 13:13:48.647 106
3 6 13:13:49.140 106
3 6 13:13:49.386 106
3 6 13:13:49.879 106
3 6 13:13:50.371 106
3 6 13:13:51.110 106

3 6 13:13:51.510 end
3 6 13:13:51.602 106
3 6 13:13:51.849 106
3 6 13:13:52.095 106
3 6 13:13:52.834 107
3 6 13:13:54.065 107
3 6 13:13:54.804 105
3 6 13:13:55.050 105
3 6 13:13:56.036 105
3 6 13:13:56.282 105
3 6 13:13:56.528 104
3 6 13:13:57.267 104
3 6 13:13:57.513 104
3 6 13:13:57.760 104
3 6 13:13:58.006 104
3 6 13:13:58.252 104
3 6 13:13:58.498 104
3 6 13:13:58.745 104
3 6 13:13:58.991 104
3 6 13:13:59.976 104
3 6 13:14:00.469 104
3 6 13:14:00.715 104
3 6 13:14:00.961 104
3 6 13:14:01.454 104
3 6 13:14:01.700 104
3 6 13:14:02.439 104
3 6 13:14:02.685 105
3 6 13:14:02.931 105
3 6 13:14:03.178 105
3 6 13:14:03.424 105
3 6 13:14:03.670 105
3 6 13:14:04.163 105
3 6 13:14:04.409 105
3 6 13:14:05.394 105
3 6 13:14:05.641 105
3 6 13:14:06.133 105
3 6 13:14:06.626 105
3 6 13:14:07.364 105
3 6 13:14:07.611 105
3 6 13:14:08.103 105
3 6 13:14:08.350 105
3 6 13:14:08.596 105
3 6 13:14:08.842 105
3 6 13:14:09.089 106
3 6 13:14:09.335 106
3 6 13:14:09.581 107
3 6 13:14:09.827 107
3 6 13:14:10.073 107
3 6 13:14:10.320 107
3 6 13:14:10.812 106
3 6 13:14:11.059 106
3 6 13:14:11.305 106
3 6 13:14:12.044 105
3 6 13:14:12.290 105
3 6 13:14:12.536 105
3 6 13:14:12.783 105
3 6 13:14:13.029 105
3 6 13:14:14.507 102
3 6 13:14:14.753 103
3 6 13:14:15.246 103
3 6 13:14:15.492 103
3 6 13:14:15.738 103
3 6 13:14:16.477 105
3 6 13:14:16.723 105
3 6 13:14:16.969 106
3 6 13:14:17.216 106
3 6 13:14:17.708 107
3 6 13:14:17.955 107
3 6 13:14:18.201 107
3 6 13:14:18.447 107
3 6 13:14:18.940 108
3 6 13:14:19.186 108
3 6 13:14:19.432 108
3 6 13:14:19.679 108
3 6 13:14:19.925 108
3 6 13:14:20.171 108
3 6 13:14:20.417 108
3 6 13:14:20.664 108
3 6 13:14:20.910 108
3 6 13:14:21.156 108
3 6 13:14:21.649 108
3 6 13:14:21.895 107
3 6 13:14:22.142 107
3 6 13:14:22.388 106
3 6 13:14:22.634 106
3 6 13:14:39.135 93
3 6 13:14:39.627 93
3 6 13:14:39.873 94
3 6 13:14:40.121 94
3 6 13:14:40.612 94
3 6 13:14:40.858 94
3 6 13:14:41.105 95
3 6 13:14:41.351 95
3 6 13:14:41.598 95
3 6 13:14:41.844 95
3 6 13:14:43.568 93
3 6 13:14:43.814 93
3 6 13:14:44.060 93
3 6 13:14:44.553 93
3 6 13:14:45.045 93
3 6 13:14:45.784 93
3 6 13:14:46.277 94
3 6 13:14:46.523 94
3 6 13:14:46.769 94
3 6 13:14:47.754 94
3 6 13:14:48.001 94
3 6 13:14:48.247 94
3 6 13:14:49.725 94
3 6 13:14:49.971 94
3 6 13:14:50.217 94
3 6 13:14:51.695 96
3 6 13:14:52.680 96
3 6 13:14:53.172 96
3 6 13:14:53.419 97
3 6 13:15:00.315 95
3 6 13:15:01.300 96
3 6 13:15:01.546 95
3 6 13:15:01.793 95
3 6 13:15:02.285 96
3 6 13:15:04.009 96
3 6 13:15:07.704 98
3 6 13:15:07.949 98
3 6 13:15:08.196 98
3 6 13:15:08.442 97
3 6 13:15:08.689 97
3 6 13:15:08.934 98
3 6 13:15:09.919 100
3 6 13:15:10.166 101
3 6 13:15:10.412 101
3 6 13:15:10.658 101
3 6 13:15:10.905 101
3 6 13:15:11.151 101
3 6 13:15:11.643 102
3 6 13:15:11.890 102
3 6 13:15:12.136 102
3 6 13:15:12.382 102
3 6 13:15:12.629 102
3 6 13:15:13.860 102
3 6 13:15:16.077 100
3 6 13:15:16.323 100
3 6 13:15:16.569 100
3 6 13:15:16.815 98
3 6 13:15:17.062 98
3 6 13:15:17.308 96
3 6 13:15:17.554 96
3 6 13:15:18.047 94
3 6 13:15:18.539 94
3 6 13:15:18.786 94
3 6 13:15:19.032 94
3 6 13:15:19.278 93
3 6 13:15:19.524 93
3 6 13:15:19.771 93
3 6 13:15:20.017 92
3 6 13:15:20.263 92
3 6 13:15:20.510 92
3 6 13:15:20.756 92
3 6 13:15:21.002 92
3 6 13:15:21.248 91
3 6 13:15:21.495 91
3 6 13:15:21.741 91
3 6 13:15:21.987 91
3 6 13:15:23.465 90
3 6 13:15:23.958 90
3 6 13:15:24.204 90
3 6 13:15:24.450 90
3 6 13:15:24.696 90
3 6 13:15:25.189 90
3 6 13:15:25.435 90
3 6 13:15:25.682 90
3 6 13:15:25.928 88
3 6 13:15:26.174 88
3 6 13:15:26.420 88
3 6 13:15:26.667 88
